3
3 3
1 2 3
1 2 3
4 2
1 2 3 4
1 2
3 3
2 4 1
2 3 1

5
10 10
1 2 3 4 5 6 7 8 9 10
1 2 3 4 5 6 7 8 9 10 10 10
1 2 3 4 5 6 7 8 9 10
1 2 3 4 5 6 7 8 9 10 10 10
1 2 3 4 5 6 7 8 9 10
1 2 3 4 5 6 7 8 9 10 10 10
1 2 3 4 5 6 7 8 9 10
1 2 3 4 5 6 7 8 9 10 10 10
129 449 81 884 644 293 802 638 317 662
259 65 275 206 420 468 483 260 33 239

50
100 100
202 316 248 762 566 969 858 222 986 32 299 695 836 532 930 373 140 914 59 379 547 476 153 452 777 409 728 562 395 978 818 259 253 496 936 813 395 732 155 324 215 367 467 785 262 667 856 365 451 273 863 646 489 621 288 929 755 631 198 913 70 340 206 734 498 60 636 394 700 21 626 112 992 840 10 518 453 202 261 629 489 982 501 614 639 888 753 255 429 109 639 678 907 474 671 790 329 954 404 992
369 60 326 611 133 892 727 615 586 801 275 830 453 399 11 516 116 110 11 929 272 82 754 940 697 500 899 874 755 721 570 423 752 754 432 21 535 564 995 211 531 576 216 807 87 254 706 679 968 565 415 853 835 622 753 33 857 58 539 915 487 505 892 457 363 989 473 413 637 958 854 75 786 391 220 737 679 337 634 152 708 751 205 35 214 401 578 550 33 469 518 176 390 514 172 955 642 871 94 268 100 100
316 383 926 847 791 849 276 62 810 811 775 703 842 437 428 49 155 910 642 268 267 190 866 335 557 944 504 723 182 66 473 422 405 400 45 833 302 709 647 682 360 756 411 89 536 823 88 525 989 933 181 295 437 257 65 738 272 481 245 904 228 44 557 9 360 687 200 328 134 834 787 462 810 262 484 91 440 194 14 673 69 799 601 12 948 544 724 863 132 22 813 945 456 499 687 104 383 534 950 308
245 70 735 935 50 554 604 700 377 735 310 766 164 468 355 778 446 459 507 215 441 81 630 228 833 328 440 635 809 730 415 982 509 690 940 415 799 893 240 532 157 983 26 458 339 795 926 345 333 834 951 681 104 672 912 139 473 11 32 147 502 806 668 949 548 549 26 525 145 50 355 899 35 127 311 647 792 445 48 930 687 317 464 389 623 12 596 917 7 148 854 959 694 25 109 505 436 625 256 202 100 100
1 2 3 4 5 6 7 8 9 10 11 12 13 14 15 16 17 18 19 20 21 22 23 24 25 26 27 28 29 30 31 32 33 34 35 36 37 38 39 40 41 42 43 44 45 46 47 48 49 50 51 52 53 54 55 56 57 58 59 60 61 62 63 64 65 66 67 68 69 70 71 72 73 74 75 76 77 78 79 80 81 82 83 84 85 86 87 88 89 90 91 92 93 94 95 96 97 98 99 100
1 2 3 4 5 6 7 8 9 10 11 12 13 14 15 16 17 18 19 20 21 22 23 24 25 26 27 28 29 30 31 32 33 34 35 36 37 38 39 40 41 42 43 44 45 46 47 48 49 50 51 52 53 54 55 56 57 58 59 60 61 62 63 64 65 66 67 68 69 70 71 72 73 74 75 76 77 78 79 80 81 82 83 84 85 86 87 88 89 90 91 92 93 94 95 96 97 98 99 100 100 100
1 2 3 4 5 6 7 8 9 10 11 12 13 14 15 16 17 18 19 20 21 22 23 24 25 26 27 28 29 30 31 32 33 34 35 36 37 38 39 40 41 42 43 44 45 46 47 48 49 50 51 52 53 54 55 56 57 58 59 60 61 62 63 64 65 66 67 68 69 70 71 72 73 74 75 76 77 78 79 80 81 82 83 84 85 86 87 88 89 90 91 92 93 94 95 96 97 98 99 100
1 2 3 4 5 6 7 8 9 10 11 12 13 14 15 16 17 18 19 20 21 22 23 24 25 26 27 28 29 30 31 32 33 34 35 36 37 38 39 40 41 42 43 44 45 46 47 48 49 50 51 52 53 54 55 56 57 58 59 60 61 62 63 64 65 66 67 68 69 70 71 72 73 74 75 76 77 78 79 80 81 82 83 84 85 86 87 88 89 90 91 92 93 94 95 96 97 98 99 100 100 100
42 715 714 264 309 557 818 249 139 574 211 629 548 32 357 714 35 515 459 939 936 681 154 393 338 692 12 998 925 764 654 672 128 117 871 83 730 192 282 546 47 969 405 671 677 497 395 17 892 757 551 654 21 359 930 201 137 819 159 565 486 605 85 915 22 145 149 376 976 931 709 51 883 136 675 454 72 20 622 50 512 245 617 616 934 224 129 237 214 3 170 909 221 643 925 948 979 919 917 928
959 764 474 59 577 483 917 785 878 664 733 612 687 171 737 8 475 836 959 228 807 179 733 389 779 894 926 82 719 703 199 163 597 589 690 963 216 402 379 40 14 92 929 64 298 712 343 727 989 588 900 158 390 963 656 470 119 671 504 189 122 50 603 376 660 293 437 642 585 269 196 76 944 570 146 254 224 490 755 4 363 238 935 804 58 187 866 327 977 884 882 399 533 422 392 272 691 972 835 1 100 100
372 90 85 212 425 592 821 737 346 644 16 333 843 18 734 604 899 412 241 706 46 949 558 919 268 648 730 779 946 436 968 518 751 667 202 907 817 907 662 574 569 804 579 876 828 371 771 282 595 230 132 129 734 401 146 480 253 873 271 859 439 599 30 522 662 424 668 197 506 306 232 94 429 145 380 815 911 187 228 206 524 840 863 686 891 134 60 809 487 156 519 643 739 118 627 672 273 672 666 488
84 902 707 890 880 932 284 518 718 393 977 256 76 882 403 362 524 84 291 961 300 705 41 155 966 823 529 623 273 917 253 806 975 615 825 944 624 316 794 666 632 423 680 167 164 883 663 916 475 386 88 384 698 80 45 196 840 747 525 263 260 173 893 950 972 101 112 474 279 571 591 482 172 211 492 907 149 492 659 188 415 682 187 223 979 496 380 413 913 961 898 337 819 185 921 800 625 752 48 551 100 100
1 2 3 4 5 6 7 8 9 10 11 12 13 14 15 16 17 18 19 20 21 22 23 24 25 26 27 28 29 30 31 32 33 34 35 36 37 38 39 40 41 42 43 44 45 46 47 48 49 50 51 52 53 54 55 56 57 58 59 60 61 62 63 64 65 66 67 68 69 70 71 72 73 74 75 76 77 78 79 80 81 82 83 84 85 86 87 88 89 90 91 92 93 94 95 96 97 98 99 100
1 2 3 4 5 6 7 8 9 10 11 12 13 14 15 16 17 18 19 20 21 22 23 24 25 26 27 28 29 30 31 32 33 34 35 36 37 38 39 40 41 42 43 44 45 46 47 48 49 50 51 52 53 54 55 56 57 58 59 60 61 62 63 64 65 66 67 68 69 70 71 72 73 74 75 76 77 78 79 80 81 82 83 84 85 86 87 88 89 90 91 92 93 94 95 96 97 98 99 100 100 100
690 734 692 430 355 68 69 173 585 99 615 346 883 85 46 754 302 998 34 971 485 820 751 977 385 245 927 928 978 248 6 538 52 39 839 720 702 243 718 582 503 808 181 259 497 434 627 310 706 688 721 87 385 616 303 765 902 788 95 260 197 28 159 858 277 252 629 993 60 646 798 191 653 555 584 804 372 503 289 668 897 530 488 823 948 558 938 45 800 173 783 349 563 283 150 263 372 613 678 129
142 192 535 359 916 196 288 567 341 610 426 524 819 348 517 193 86 637 338 272 510 761 640 835 185 334 443 91 218 834 666 47 523 486 832 32 812 292 965 170 796 78 573 389 55 815 986 181 736 541 630 951 409 687 987 22 969 731 950 796 870 244 105 332 732 298 41 576 268 18 279 438 384 616 482 433 365 146 741 813 786 119 157 242 209 863 671 789 307 116 31 492 257 946 107 144 856 323 497 944 100 100
1 2 3 4 5 6 7 8 9 10 11 12 13 14 15 16 17 18 19 20 21 22 23 24 25 26 27 28 29 30 31 32 33 34 35 36 37 38 39 40 41 42 43 44 45 46 47 48 49 50 51 52 53 54 55 56 57 58 59 60 61 62 63 64 65 66 67 68 69 70 71 72 73 74 75 76 77 78 79 80 81 82 83 84 85 86 87 88 89 90 91 92 93 94 95 96 97 98 99 100
1 2 3 4 5 6 7 8 9 10 11 12 13 14 15 16 17 18 19 20 21 22 23 24 25 26 27 28 29 30 31 32 33 34 35 36 37 38 39 40 41 42 43 44 45 46 47 48 49 50 51 52 53 54 55 56 57 58 59 60 61 62 63 64 65 66 67 68 69 70 71 72 73 74 75 76 77 78 79 80 81 82 83 84 85 86 87 88 89 90 91 92 93 94 95 96 97 98 99 100 100 100
262 467 545 402 890 406 382 333 928 79 755 682 249 889 100 50 139 450 919 129 262 105 482 357 616 307 240 186 986 440 310 554 315 857 976 3 979 181 146 217 522 709 348 702 913 292 845 551 441 587 243 569 436 452 522 435 641 453 252 974 275 255 488 971 596 640 397 915 382 286 336 645 99 165 596 579 373 202 914 982 688 753 282 932 559 236 529 222 324 413 51 167 44 470 410 466 938 655 319 867
483 64 809 81 66 416 20 642 837 957 884 736 360 772 522 338 856 211 294 534 338 293 821 173 725 982 741 472 702 711 743 978 579 517 524 462 665 933 932 914 425 315 738 515 233 435 780 908 464 855 713 265 492 395 236 865 967 341 552 500 846 584 460 528 948 227 154 106 967 926 667 812 778 621 637 874 683 40 591 385 37 393 163 857 888 832 525 274 96 451 556 70 932 322 823 262 88 435 938 344 100 100
1 2 3 4 5 6 7 8 9 10 11 12 13 14 15 16 17 18 19 20 21 22 23 24 25 26 27 28 29 30 31 32 33 34 35 36 37 38 39 40 41 42 43 44 45 46 47 48 49 50 51 52 53 54 55 56 57 58 59 60 61 62 63 64 65 66 67 68 69 70 71 72 73 74 75 76 77 78 79 80 81 82 83 84 85 86 87 88 89 90 91 92 93 94 95 96 97 98 99 100
1 2 3 4 5 6 7 8 9 10 11 12 13 14 15 16 17 18 19 20 21 22 23 24 25 26 27 28 29 30 31 32 33 34 35 36 37 38 39 40 41 42 43 44 45 46 47 48 49 50 51 52 53 54 55 56 57 58 59 60 61 62 63 64 65 66 67 68 69 70 71 72 73 74 75 76 77 78 79 80 81 82 83 84 85 86 87 88 89 90 91 92 93 94 95 96 97 98 99 100 100 100
585 214 214 570 844 602 686 385 283 745 681 777 356 294 1000 379 179 593 425 106 105 319 582 477 904 851 941 197 829 813 969 311 303 698 270 516 568 341 50 471 210 589 946 7 179 870 363 622 708 244 714 681 726 622 22 32 566 359 437 992 419 467 740 568 997 464 931 161 888 274 415 106 514 748 834 202 161 195 344 575 416 509 940 671 820 203 75 549 930 851 182 118 403 337 894 28 562 942 395 562
526 897 254 762 595 678 96 140 470 188 681 831 96 668 293 229 194 830 861 250 443 246 770 293 190 695 431 578 455 958 616 663 143 483 869 718 110 68 395 947 681 778 173 878 332 623 415 91 297 48 867 168 274 928 472 286 523 430 720 916 156 800 688 528 973 151 165 223 507 765 917 336 10 508 684 780 267 280 160 880 753 16 647 766 382 210 80 289 91 437 423 632 168 146 461 805 728 29 879 494 100 100
777 989 675 850 698 214 265 998 631 370 38 289 135 120 782 752 331 530 846 221 228 806 663 483 374 998 29 991 94 577 785 392 576 691 683 465 981 59 636 948 898 796 195 577 652 270 222 391 227 510 852 114 556 963 377 422 324 274 857 219 97 893 552 362 795 551 202 758 763 115 862 30 771 710 800 162 359 914 528 564 226 156 325 914 252 360 877 793 458 555 833 276 102 594 525 12 993 81 190 810
534 110 951 715 25 296 189 996 824 466 409 95 889 820 167 868 460 987 309 195 938 248 317 968 486 511 398 145 659 473 960 108 862 372 879 732 973 953 50 902 232 407 852 527 631 70 635 401 869 742 15 717 387 513 93 442 400 774 140 583 975 903 480 477 322 526 894 833 246 835 191 649 6 585 272 501 869 154 336 808 478 280 844 774 54 190 992 16 612 414 919 942 55 228 765 685 802 98 211 257 100 100
1 2 3 4 5 6 7 8 9 10 11 12 13 14 15 16 17 18 19 20 21 22 23 24 25 26 27 28 29 30 31 32 33 34 35 36 37 38 39 40 41 42 43 44 45 46 47 48 49 50 51 52 53 54 55 56 57 58 59 60 61 62 63 64 65 66 67 68 69 70 71 72 73 74 75 76 77 78 79 80 81 82 83 84 85 86 87 88 89 90 91 92 93 94 95 96 97 98 99 100
1 2 3 4 5 6 7 8 9 10 11 12 13 14 15 16 17 18 19 20 21 22 23 24 25 26 27 28 29 30 31 32 33 34 35 36 37 38 39 40 41 42 43 44 45 46 47 48 49 50 51 52 53 54 55 56 57 58 59 60 61 62 63 64 65 66 67 68 69 70 71 72 73 74 75 76 77 78 79 80 81 82 83 84 85 86 87 88 89 90 91 92 93 94 95 96 97 98 99 100 100 100
75 876 419 913 356 376 177 73 536 329 599 161 148 503 418 335 40 419 131 759 943 863 403 54 793 675 270 146 783 341 295 48 215 632 285 133 298 537 525 273 849 310 320 241 15 831 119 756 843 18 811 201 620 10 754 671 818 727 7 324 835 140 48 690 547 837 198 591 24 159 113 883 709 501 810 976 500 248 957 173 362 54 287 36 629 302 4 581 753 299 532 890 788 735 222 644 591 586 598 461
430 443 299 552 506 62 548 654 932 959 429 291 676 478 500 88 620 452 977 273 398 20 981 162 109 765 626 838 755 383 467 985 454 845 373 71 912 330 791 395 376 734 726 260 523 579 708 781 511 427 890 916 137 629 803 830 229 359 298 185 566 606 567 537 463 844 783 751 793 209 106 919 397 829 200 449 221 52 478 371 191 988 725 661 706 267 685 877 547 437 904 507 137 268 737 791 96 480 439 586 100 100
82 909 779 766 59 364 443 443 538 922 482 51 918 557 339 32 257 931 654 736 174 340 150 236 332 130 18 266 50 415 15 48 206 88 589 290 265 961 808 517 781 697 803 453 258 687 768 556 557 389 579 740 306 892 368 983 860 673 554 85 570 478 229 678 708 916 334 744 6 127 258 123 164 538 316 795 72 349 747 678 231 916 667 167 290 314 635 850 92 374 871 169 152 789 870 758 893 672 831 641
939 927 791 293 784 190 679 678 215 934 756 382 57 751 534 432 142 518 405 196 141 786 201 637 394 739 489 679 704 948 190 765 672 120 553 946 304 779 538 438 799 763 723 235 912 607 92 921 134 342 352 503 63 771 448 578 691 344 926 491 262 417 661 100 908 394 207 123 101 907 215 451 730 619 328 231 854 811 621 984 96 556 59 833 249 740 276 585 689 852 165 824 23 294 786 902 72 366 329 448 100 100
1 2 3 4 5 6 7 8 9 10 11 12 13 14 15 16 17 18 19 20 21 22 23 24 25 26 27 28 29 30 31 32 33 34 35 36 37 38 39 40 41 42 43 44 45 46 47 48 49 50 51 52 53 54 55 56 57 58 59 60 61 62 63 64 65 66 67 68 69 70 71 72 73 74 75 76 77 78 79 80 81 82 83 84 85 86 87 88 89 90 91 92 93 94 95 96 97 98 99 100
1 2 3 4 5 6 7 8 9 10 11 12 13 14 15 16 17 18 19 20 21 22 23 24 25 26 27 28 29 30 31 32 33 34 35 36 37 38 39 40 41 42 43 44 45 46 47 48 49 50 51 52 53 54 55 56 57 58 59 60 61 62 63 64 65 66 67 68 69 70 71 72 73 74 75 76 77 78 79 80 81 82 83 84 85 86 87 88 89 90 91 92 93 94 95 96 97 98 99 100 100 100
556 61 165 910 163 944 811 235 465 782 351 855 630 907 35 410 485 752 60 672 942 199 154 803 479 162 379 578 479 433 620 650 243 579 291 276 572 303 887 759 337 907 473 400 81 565 399 47 707 911 270 371 210 24 695 553 483 377 70 737 201 246 295 793 859 590 82 518 347 892 57 880 243 223 366 742 180 462 954 994 871 632 268 982 831 523 559 622 606 11 408 8 183 334 382 834 980 414 2 595
497 647 473 869 560 561 423 361 143 679 727 371 39 217 337 159 190 808 602 477 487 264 914 721 169 339 458 934 853 107 844 700 476 623 928 542 497 258 60 201 866 113 612 379 572 476 706 328 583 878 320 587 904 144 667 899 511 251 274 796 256 229 352 647 957 461 318 796 556 154 716 831 997 82 449 993 199 719 706 1 59 86 79 738 928 555 236 727 849 647 455 436 564 307 365 950 61 458 18 70 100 100
825 624 818 632 490 951 501 710 227 383 689 112 136 658 25 463 208 981 315 735 526 800 182 522 142 444 817 658 796 741 348 204 583 504 355 315 363 470 40 731 15 345 527 152 620 239 89 246 784 285 473 242 938 750 907 400 502 708 614 534 939 606 927 265 244 402 328 575 76 765 217 253 141 457 886 642 250 182 112 147 467 557 169 816 585 384 562 839 659 766 407 224 81 678 182 233 591 89 323 618
892 5 792 331 859 839 523 653 89 417 128 567 177 692 833 962 60 191 875 847 621 785 187 175 924 588 497 307 913 123 84 406 196 229 998 855 162 170 128 315 323 117 945 506 337 915 59 561 539 299 119 192 899 422 107 125 133 681 337 289 770 89 281 809 492 422 145 544 314 619 853 899 254 261 146 333 341 937 599 12 550 243 181 315 743 893 782 185 420 941 477 578 154 130 284 221 867 672 396 718 100 100
913 240 661 306 302 699 710 83 263 899 394 45 432 422 414 135 901 220 219 385 991 237 638 864 575 621 176 67 474 148 529 364 37 299 73 25 803 276 903 964 653 105 5 559 217 816 827 564 711 894 307 284 327 249 765 134 383 282 964 186 500 651 961 471 230 429 823 306 730 934 774 352 426 752 124 981 55 885 952 254 306 666 745 420 391 922 623 2 699 653 88 673 527 928 598 610 525 495 511 932
459 272 21 118 855 609 710 87 577 925 23 164 767 99 509 754 492 511 940 173 226 45 500 632 507 84 88 726 978 519 25 272 239 898 635 640 307 835 941 5 824 310 871 992 893 214 791 134 585 49 277 159 461 3 368 983 799 765 680 35 668 223 165 118 262 500 743 28 406 518 208 751 940 730 928 704 509 429 535 224 564 878 792 671 388 926 540 302 404 933 684 720 700 719 179 310 823 615 307 131 100 100
1 2 3 4 5 6 7 8 9 10 11 12 13 14 15 16 17 18 19 20 21 22 23 24 25 26 27 28 29 30 31 32 33 34 35 36 37 38 39 40 41 42 43 44 45 46 47 48 49 50 51 52 53 54 55 56 57 58 59 60 61 62 63 64 65 66 67 68 69 70 71 72 73 74 75 76 77 78 79 80 81 82 83 84 85 86 87 88 89 90 91 92 93 94 95 96 97 98 99 100
1 2 3 4 5 6 7 8 9 10 11 12 13 14 15 16 17 18 19 20 21 22 23 24 25 26 27 28 29 30 31 32 33 34 35 36 37 38 39 40 41 42 43 44 45 46 47 48 49 50 51 52 53 54 55 56 57 58 59 60 61 62 63 64 65 66 67 68 69 70 71 72 73 74 75 76 77 78 79 80 81 82 83 84 85 86 87 88 89 90 91 92 93 94 95 96 97 98 99 100 100 100
887 460 12 648 153 237 230 87 366 112 893 656 478 463 550 214 616 516 193 324 549 239 433 118 836 111 627 250 582 533 789 552 34 854 233 609 412 31 697 460 354 933 285 583 392 949 212 659 412 442 215 520 20 246 252 620 814 139 553 798 192 321 439 256 921 539 506 700 632 261 574 285 788 17 20 169 956 890 965 214 656 480 926 115 671 670 868 193 242 592 354 890 593 89 401 352 37 12 304 553
37 73 548 689 709 274 321 472 428 942 658 62 828 918 653 549 680 943 946 662 769 327 190 774 841 627 419 106 84 584 578 880 987 417 796 264 67 201 285 628 358 801 394 12 857 396 364 36 821 696 942 82 953 552 860 938 288 768 492 173 215 225 617 938 906 910 821 227 800 950 415 779 204 434 70 102 885 673 741 106 936 603 871 669 340 363 572 719 654 544 877 905 799 21 884 758 819 208 848 561 100 100
560 856 687 949 475 837 534 505 166 261 367 928 302 237 568 921 439 407 764 492 27 157 119 186 413 252 989 812 471 196 570 907 120 927 119 176 594 408 900 294 107 655 433 604 402 570 618 903 581 157 498 184 489 405 254 642 961 465 517 574 290 370 95 698 911 589 156 71 968 983 790 274 616 985 2 302 319 955 51 712 245 949 887 947 705 948 214 949 577 674 80 394 66 970 63 695 27 906 189 649
509 785 422 151 933 491 81 957 133 435 563 987 703 320 517 830 956 907 64 37 61 440 958 854 400 83 170 378 452 653 922 758 328 831 708 148 417 518 223 105 731 912 779 280 883 982 444 711 26 194 331 121 100 962 973 908 161 590 200 211 292 711 372 78 811 160 486 168 14 890 523 346 435 474 482 199 296 517 106 608 131 208 167 560 431 81 263 338 192 858 706 338 233 367 561 889 612 301 294 565 100 100
1 2 3 4 5 6 7 8 9 10 11 12 13 14 15 16 17 18 19 20 21 22 23 24 25 26 27 28 29 30 31 32 33 34 35 36 37 38 39 40 41 42 43 44 45 46 47 48 49 50 51 52 53 54 55 56 57 58 59 60 61 62 63 64 65 66 67 68 69 70 71 72 73 74 75 76 77 78 79 80 81 82 83 84 85 86 87 88 89 90 91 92 93 94 95 96 97 98 99 100
1 2 3 4 5 6 7 8 9 10 11 12 13 14 15 16 17 18 19 20 21 22 23 24 25 26 27 28 29 30 31 32 33 34 35 36 37 38 39 40 41 42 43 44 45 46 47 48 49 50 51 52 53 54 55 56 57 58 59 60 61 62 63 64 65 66 67 68 69 70 71 72 73 74 75 76 77 78 79 80 81 82 83 84 85 86 87 88 89 90 91 92 93 94 95 96 97 98 99 100 100 100
1 2 3 4 5 6 7 8 9 10 11 12 13 14 15 16 17 18 19 20 21 22 23 24 25 26 27 28 29 30 31 32 33 34 35 36 37 38 39 40 41 42 43 44 45 46 47 48 49 50 51 52 53 54 55 56 57 58 59 60 61 62 63 64 65 66 67 68 69 70 71 72 73 74 75 76 77 78 79 80 81 82 83 84 85 86 87 88 89 90 91 92 93 94 95 96 97 98 99 100
1 2 3 4 5 6 7 8 9 10 11 12 13 14 15 16 17 18 19 20 21 22 23 24 25 26 27 28 29 30 31 32 33 34 35 36 37 38 39 40 41 42 43 44 45 46 47 48 49 50 51 52 53 54 55 56 57 58 59 60 61 62 63 64 65 66 67 68 69 70 71 72 73 74 75 76 77 78 79 80 81 82 83 84 85 86 87 88 89 90 91 92 93 94 95 96 97 98 99 100 100 100
880 371 74 153 960 880 688 185 295 295 909 956 700 982 580 276 762 68 816 95 119 389 86 363 767 356 110 595 674 830 410 613 508 868 848 431 299 617 125 209 454 509 747 243 868 265 812 234 627 636 647 8 898 454 203 962 193 867 930 246 47 306 872 388 324 990 259 420 168 148 869 248 292 734 959 732 72 144 609 211 980 481 328 475 467 477 695 549 173 776 129 334 148 477 997 57 561 304 27 384
200 233 599 920 385 738 580 589 536 370 138 54 935 387 90 227 67 393 713 164 316 917 868 571 729 120 44 508 979 652 666 748 9 215 404 152 909 185 360 912 468 817 512 692 435 946 190 453 920 28 514 391 831 392 563 901 686 436 443 942 243 72 942 167 660 96 547 417 568 83 147 420 988 475 714 292 560 950 908 203 699 20 834 359 756 506 653 429 899 207 498 566 775 877 879 153 666 226 861 266 100 100
1 2 3 4 5 6 7 8 9 10 11 12 13 14 15 16 17 18 19 20 21 22 23 24 25 26 27 28 29 30 31 32 33 34 35 36 37 38 39 40 41 42 43 44 45 46 47 48 49 50 51 52 53 54 55 56 57 58 59 60 61 62 63 64 65 66 67 68 69 70 71 72 73 74 75 76 77 78 79 80 81 82 83 84 85 86 87 88 89 90 91 92 93 94 95 96 97 98 99 100
1 2 3 4 5 6 7 8 9 10 11 12 13 14 15 16 17 18 19 20 21 22 23 24 25 26 27 28 29 30 31 32 33 34 35 36 37 38 39 40 41 42 43 44 45 46 47 48 49 50 51 52 53 54 55 56 57 58 59 60 61 62 63 64 65 66 67 68 69 70 71 72 73 74 75 76 77 78 79 80 81 82 83 84 85 86 87 88 89 90 91 92 93 94 95 96 97 98 99 100 100 100
974 601 504 921 137 174 918 926 315 756 525 666 208 507 965 371 603 186 464 337 922 204 905 579 830 219 289 78 425 27 555 959 505 800 801 618 44 362 485 444 972 320 268 614 885 819 160 531 668 365 462 852 835 457 256 729 866 268 475 476 656 108 523 561 819 824 181 688 412 33 69 502 230 264 946 400 752 592 879 33 361 620 115 895 996 468 51 81 852 900 382 131 378 694 978 862 92 410 629 297
552 834 542 372 2 651 861 143 338 201 257 431 218 769 937 729 574 461 348 425 676 108 620 109 54 816 88 781 758 452 114 270 721 262 145 832 383 705 231 853 811 30 493 779 798 556 582 971 608 437 34 522 17 883 548 592 93 747 621 976 735 544 50 551 511 123 180 393 102 114 487 656 978 311 925 870 685 419 228 125 315 707 597 100 44 73 438 885 6 141 178 837 271 974 303 436 225 3 552 766 100 100
191 277 265 359 53 416 696 257 728 961 46 782 431 589 927 716 758 313 180 946 128 421 29 103 188 487 341 40 798 230 472 761 247 233 816 275 807 430 56 375 242 855 712 42 241 930 203 18 179 111 485 8 452 616 184 758 28 132 801 539 482 548 231 437 451 899 260 294 974 799 184 466 722 197 985 231 922 836 703 958 736 55 231 393 399 625 438 22 101 749 241 947 41 140 267 850 970 571 207 551
729 651 118 439 15 490 546 892 729 891 100 567 59 745 436 245 803 146 431 468 872 834 669 127 307 773 539 313 364 761 847 127 560 714 563 1 505 152 499 978 999 511 874 133 406 534 234 43 271 938 234 162 268 27 213 352 654 510 513 857 353 893 493 973 267 85 31 646 897 886 532 848 146 176 241 505 728 988 882 747 28 360 497 496 377 24 889 302 236 17 387 843 890 143 113 986 659 386 1 358 100 100
1 2 3 4 5 6 7 8 9 10 11 12 13 14 15 16 17 18 19 20 21 22 23 24 25 26 27 28 29 30 31 32 33 34 35 36 37 38 39 40 41 42 43 44 45 46 47 48 49 50 51 52 53 54 55 56 57 58 59 60 61 62 63 64 65 66 67 68 69 70 71 72 73 74 75 76 77 78 79 80 81 82 83 84 85 86 87 88 89 90 91 92 93 94 95 96 97 98 99 100
1 2 3 4 5 6 7 8 9 10 11 12 13 14 15 16 17 18 19 20 21 22 23 24 25 26 27 28 29 30 31 32 33 34 35 36 37 38 39 40 41 42 43 44 45 46 47 48 49 50 51 52 53 54 55 56 57 58 59 60 61 62 63 64 65 66 67 68 69 70 71 72 73 74 75 76 77 78 79 80 81 82 83 84 85 86 87 88 89 90 91 92 93 94 95 96 97 98 99 100 100 100
1 2 3 4 5 6 7 8 9 10 11 12 13 14 15 16 17 18 19 20 21 22 23 24 25 26 27 28 29 30 31 32 33 34 35 36 37 38 39 40 41 42 43 44 45 46 47 48 49 50 51 52 53 54 55 56 57 58 59 60 61 62 63 64 65 66 67 68 69 70 71 72 73 74 75 76 77 78 79 80 81 82 83 84 85 86 87 88 89 90 91 92 93 94 95 96 97 98 99 100
1 2 3 4 5 6 7 8 9 10 11 12 13 14 15 16 17 18 19 20 21 22 23 24 25 26 27 28 29 30 31 32 33 34 35 36 37 38 39 40 41 42 43 44 45 46 47 48 49 50 51 52 53 54 55 56 57 58 59 60 61 62 63 64 65 66 67 68 69 70 71 72 73 74 75 76 77 78 79 80 81 82 83 84 85 86 87 88 89 90 91 92 93 94 95 96 97 98 99 100 100 100
967 132 734 384 19 441 892 755 887 73 606 298 350 215 129 64 296 52 789 866 118 318 135 258 398 159 610 923 915 432 714 725 510 693 330 993 802 354 710 351 932 182 467 989 394 31 702 996 527 647 922 854 324 910 710 602 616 735 582 283 346 463 688 861 758 644 474 258 239 202 891 284 997 980 567 660 23 928 479 523 898 572 576 62 122 632 922 935 224 364 724 538 13 244 494 29 399 113 512 340
274 417 97 756 600 865 594 366 491 475 484 374 418 763 743 636 434 150 277 170 679 637 526 112 460 190 77 285 528 4 850 135 569 128 674 389 365 320 836 202 238 167 653 396 734 628 783 990 740 752 493 571 77 922 74 237 95 645 363 269 113 302 34 347 119 86 716 623 397 598 413 697 34 196 139 23 903 960 120 277 239 956 508 290 154 364 290 40 277 346 265 972 68 301 367 343 402 43 233 788 100 100
1 2 3 4 5 6 7 8 9 10 11 12 13 14 15 16 17 18 19 20 21 22 23 24 25 26 27 28 29 30 31 32 33 34 35 36 37 38 39 40 41 42 43 44 45 46 47 48 49 50 51 52 53 54 55 56 57 58 59 60 61 62 63 64 65 66 67 68 69 70 71 72 73 74 75 76 77 78 79 80 81 82 83 84 85 86 87 88 89 90 91 92 93 94 95 96 97 98 99 100
1 2 3 4 5 6 7 8 9 10 11 12 13 14 15 16 17 18 19 20 21 22 23 24 25 26 27 28 29 30 31 32 33 34 35 36 37 38 39 40 41 42 43 44 45 46 47 48 49 50 51 52 53 54 55 56 57 58 59 60 61 62 63 64 65 66 67 68 69 70 71 72 73 74 75 76 77 78 79 80 81 82 83 84 85 86 87 88 89 90 91 92 93 94 95 96 97 98 99 100 100 100
813 955 668 914 308 877 156 22 778 153 692 212 936 599 356 722 157 995 694 28 376 811 406 76 56 764 923 376 751 99 125 516 821 976 191 834 513 863 830 231 846 242 883 360 915 121 702 764 26 236 291 284 502 786 322 8 375 754 745 924 480 587 924 459 819 799 904 699 19 541 437 705 10 671 851 934 492 833 150 571 83 940 732 936 669 17 877 795 659 425 653 919 307 709 431 371 24 738 674 645
608 359 896 182 791 74 428 168 699 135 300 302 343 250 312 202 115 208 82 676 612 929 990 826 640 737 180 299 485 535 619 737 210 117 768 710 542 817 935 221 16 475 393 893 886 816 744 761 530 254 279 740 2 82 357 500 567 366 115 67 848 975 115 502 40 198 716 343 981 5 20 414 139 956 845 592 392 252 67 454 817 333 524 314 429 507 145 725 392 110 589 348 363 42 867 92 458 411 117 219 100 100
1 2 3 4 5 6 7 8 9 10 11 12 13 14 15 16 17 18 19 20 21 22 23 24 25 26 27 28 29 30 31 32 33 34 35 36 37 38 39 40 41 42 43 44 45 46 47 48 49 50 51 52 53 54 55 56 57 58 59 60 61 62 63 64 65 66 67 68 69 70 71 72 73 74 75 76 77 78 79 80 81 82 83 84 85 86 87 88 89 90 91 92 93 94 95 96 97 98 99 100
1 2 3 4 5 6 7 8 9 10 11 12 13 14 15 16 17 18 19 20 21 22 23 24 25 26 27 28 29 30 31 32 33 34 35 36 37 38 39 40 41 42 43 44 45 46 47 48 49 50 51 52 53 54 55 56 57 58 59 60 61 62 63 64 65 66 67 68 69 70 71 72 73 74 75 76 77 78 79 80 81 82 83 84 85 86 87 88 89 90 91 92 93 94 95 96 97 98 99 100 100 100
818 994 980 804 175 960 909 216 346 48 95 579 747 574 861 797 3 981 867 599 593 589 805 759 531 891 807 612 218 554 823 811 490 673 667 361 80 100 781 562 900 7 934 409 977 472 330 48 371 677 960 122 528 318 85 352 90 676 417 617 676 570 290 621 987 555 240 788 663 197 185 650 842 724 885 431 729 809 700 324 176 148 623 319 898 840 949 547 785 686 295 754 19 805 806 725 750 441 795 437
669 441 663 346 308 982 948 532 848 392 436 961 907 658 256 414 686 538 972 577 111 90 665 310 950 410 19 905 779 58 36 708 714 642 824 249 153 29 571 329 129 109 64 494 75 632 940 287 213 572 794 178 357 679 735 391 46 242 105 521 329 830 956 192 589 848 877 926 330 809 186 951 698 393 713 268 913 725 273 169 438 950 655 286 603 477 393 451 826 540 144 599 448 342 225 531 495 953 92 218 100 100
1 2 3 4 5 6 7 8 9 10 11 12 13 14 15 16 17 18 19 20 21 22 23 24 25 26 27 28 29 30 31 32 33 34 35 36 37 38 39 40 41 42 43 44 45 46 47 48 49 50 51 52 53 54 55 56 57 58 59 60 61 62 63 64 65 66 67 68 69 70 71 72 73 74 75 76 77 78 79 80 81 82 83 84 85 86 87 88 89 90 91 92 93 94 95 96 97 98 99 100
1 2 3 4 5 6 7 8 9 10 11 12 13 14 15 16 17 18 19 20 21 22 23 24 25 26 27 28 29 30 31 32 33 34 35 36 37 38 39 40 41 42 43 44 45 46 47 48 49 50 51 52 53 54 55 56 57 58 59 60 61 62 63 64 65 66 67 68 69 70 71 72 73 74 75 76 77 78 79 80 81 82 83 84 85 86 87 88 89 90 91 92 93 94 95 96 97 98 99 100 100 100
674 948 163 987 112 291 516 986 769 413 34 921 395 108 648 204 744 139 915 88 744 666 673 337 197 251 735 167 111 701 230 842 129 992 469 179 284 379 397 621 154 491 777 116 686 589 620 205 642 382 344 678 113 289 332 791 510 537 325 938 868 919 673 854 96 109 968 338 388 316 700 304 910 995 314 640 264 177 904 287 88 766 322 951 827 237 312 73 950 620 619 864 669 223 584 584 103 906 187 607
882 853 752 635 427 101 5 980 465 520 140 418 835 529 160 90 758 782 686 478 515 158 911 251 649 630 802 79 359 182 527 210 589 784 977 372 315 408 84 632 457 74 991 31 617 192 347 592 914 163 158 998 727 157 369 554 7 197 120 83 822 554 795 148 628 99 752 741 701 334 884 636 777 727 914 949 316 467 11 495 64 662 615 554 481 978 802 702 313 946 122 573 134 758 208 732 257 295 781 589 100 100
1 2 3 4 5 6 7 8 9 10 11 12 13 14 15 16 17 18 19 20 21 22 23 24 25 26 27 28 29 30 31 32 33 34 35 36 37 38 39 40 41 42 43 44 45 46 47 48 49 50 51 52 53 54 55 56 57 58 59 60 61 62 63 64 65 66 67 68 69 70 71 72 73 74 75 76 77 78 79 80 81 82 83 84 85 86 87 88 89 90 91 92 93 94 95 96 97 98 99 100
1 2 3 4 5 6 7 8 9 10 11 12 13 14 15 16 17 18 19 20 21 22 23 24 25 26 27 28 29 30 31 32 33 34 35 36 37 38 39 40 41 42 43 44 45 46 47 48 49 50 51 52 53 54 55 56 57 58 59 60 61 62 63 64 65 66 67 68 69 70 71 72 73 74 75 76 77 78 79 80 81 82 83 84 85 86 87 88 89 90 91 92 93 94 95 96 97 98 99 100 100 100
991 881 487 406 157 460 330 650 455 386 110 525 273 993 961 869 730 470 430 405 415 612 381 417 853 354 259 371 256 765 502 910 21 262 788 240 687 245 741 157 88 926 557 969 605 91 495 430 240 178 358 840 632 496 173 741 995 182 554 833 695 972 646 760 70 523 177 861 32 447 843 523 725 557 974 250 339 552 930 381 596 690 393 17 196 218 493 592 538 465 894 615 805 914 208 397 873 185 284 173
745 602 918 405 127 566 992 824 994 241 797 561 240 719 431 442 20 393 381 419 25 226 559 230 920 151 324 371 270 79 503 48 866 479 157 347 389 249 378 651 883 253 837 931 481 984 201 353 808 637 253 558 409 802 733 854 792 12 578 51 46 349 665 325 762 469 40 941 552 982 430 962 37 77 243 571 274 518 261 494 287 191 44 465 281 608 433 471 271 912 307 693 857 452 825 653 290 196 655 739 100 100
1 2 3 4 5 6 7 8 9 10 11 12 13 14 15 16 17 18 19 20 21 22 23 24 25 26 27 28 29 30 31 32 33 34 35 36 37 38 39 40 41 42 43 44 45 46 47 48 49 50 51 52 53 54 55 56 57 58 59 60 61 62 63 64 65 66 67 68 69 70 71 72 73 74 75 76 77 78 79 80 81 82 83 84 85 86 87 88 89 90 91 92 93 94 95 96 97 98 99 100
1 2 3 4 5 6 7 8 9 10 11 12 13 14 15 16 17 18 19 20 21 22 23 24 25 26 27 28 29 30 31 32 33 34 35 36 37 38 39 40 41 42 43 44 45 46 47 48 49 50 51 52 53 54 55 56 57 58 59 60 61 62 63 64 65 66 67 68 69 70 71 72 73 74 75 76 77 78 79 80 81 82 83 84 85 86 87 88 89 90 91 92 93 94 95 96 97 98 99 100 100 100
1 2 3 4 5 6 7 8 9 10 11 12 13 14 15 16 17 18 19 20 21 22 23 24 25 26 27 28 29 30 31 32 33 34 35 36 37 38 39 40 41 42 43 44 45 46 47 48 49 50 51 52 53 54 55 56 57 58 59 60 61 62 63 64 65 66 67 68 69 70 71 72 73 74 75 76 77 78 79 80 81 82 83 84 85 86 87 88 89 90 91 92 93 94 95 96 97 98 99 100
1 2 3 4 5 6 7 8 9 10 11 12 13 14 15 16 17 18 19 20 21 22 23 24 25 26 27 28 29 30 31 32 33 34 35 36 37 38 39 40 41 42 43 44 45 46 47 48 49 50 51 52 53 54 55 56 57 58 59 60 61 62 63 64 65 66 67 68 69 70 71 72 73 74 75 76 77 78 79 80 81 82 83 84 85 86 87 88 89 90 91 92 93 94 95 96 97 98 99 100 100 100
190 585 128 191 145 745 664 540 347 209 221 372 948 874 604 433 265 458 268 525 441 766 851 713 344 329 908 914 340 868 593 89 39 839 750 305 741 662 846 494 358 351 130 300 166 363 758 950 155 484 886 697 255 478 858 352 750 784 86 337 234 69 477 519 181 974 983 658 30 666 496 484 785 513 939 413 704 261 423 729 102 730 504 40 286 872 97 598 727 351 369 964 27 730 196 31 792 886 564 72
38 341 359 628 778 750 906 205 962 24 190 576 266 607 322 680 967 701 201 675 330 749 558 283 448 628 381 152 551 496 852 52 443 374 794 720 834 911 142 389 460 979 499 205 311 81 698 498 922 356 417 103 889 418 147 999 344 410 745 474 875 284 439 319 510 398 633 542 112 635 527 893 374 630 799 854 637 608 154 823 591 175 2 770 466 895 331 30 917 669 774 422 149 449 78 40 391 380 557 552 100 100
1 2 3 4 5 6 7 8 9 10 11 12 13 14 15 16 17 18 19 20 21 22 23 24 25 26 27 28 29 30 31 32 33 34 35 36 37 38 39 40 41 42 43 44 45 46 47 48 49 50 51 52 53 54 55 56 57 58 59 60 61 62 63 64 65 66 67 68 69 70 71 72 73 74 75 76 77 78 79 80 81 82 83 84 85 86 87 88 89 90 91 92 93 94 95 96 97 98 99 100
1 2 3 4 5 6 7 8 9 10 11 12 13 14 15 16 17 18 19 20 21 22 23 24 25 26 27 28 29 30 31 32 33 34 35 36 37 38 39 40 41 42 43 44 45 46 47 48 49 50 51 52 53 54 55 56 57 58 59 60 61 62 63 64 65 66 67 68 69 70 71 72 73 74 75 76 77 78 79 80 81 82 83 84 85 86 87 88 89 90 91 92 93 94 95 96 97 98 99 100 100 100
798 862 463 355 153 365 147 437 906 430 70 827 290 397 94 204 691 977 485 564 38 18 258 752 448 366 589 1 556 501 106 775 154 886 840 935 865 177 251 72 96 78 38 698 396 998 845 392 277 425 257 504 649 583 133 977 389 899 497 44 401 205 661 54 723 774 273 797 855 330 555 40 334 209 64 508 509 494 758 532 64 172 793 465 262 341 365 163 973 454 92 238 169 847 119 88 330 87 650 538
284 392 940 662 84 14 836 920 367 333 842 720 420 468 5 366 845 277 585 142 665 295 4 647 22 213 160 103 422 760 675 633 927 66 789 281 576 365 394 471 785 564 610 75 946 543 693 1000 446 277 162 771 857 669 449 46 895 382 896 344 447 16 707 192 337 122 456 498 132 582 898 872 819 601 612 741 632 543 776 334 890 527 200 626 867 274 533 316 37 34 478 622 478 761 228 503 609 695 27 936 100 100
505 627 476 910 390 832 887 169 131 527 441 312 41 307 146 481 21 710 744 775 449 795 462 818 346 68 264 919 218 631 12 106 118 751 507 505 778 528 473 402 883 338 104 392 205 290 956 642 271 326 795 445 972 703 723 627 875 948 504 987 721 828 398 643 157 252 364 132 140 690 178 645 127 489 212 890 466 535 543 687 366 75 36 463 313 562 979 66 596 404 970 310 837 682 557 788 806 771 320 327
222 48 779 369 871 844 293 343 104 320 580 182 563 774 980 326 481 468 598 685 45 163 43 999 494 297 674 37 465 836 590 475 831 64 3 975 339 154 50 367 766 734 67 857 406 358 242 769 852 788 278 735 670 771 214 407 757 976 796 813 983 22 495 504 143 475 907 790 971 293 828 352 630 833 259 368 815 117 615 144 867 860 128 389 135 890 681 732 752 528 156 540 190 99 530 420 398 984 802 70 100 100
483 610 540 239 408 204 65 999 225 299 348 564 754 895 985 88 305 980 488 673 497 81 962 599 649 832 705 668 801 257 767 103 69 557 178 505 525 440 694 76 979 365 52 585 47 272 90 857 456 592 427 846 395 852 360 939 145 408 758 857 100 864 762 259 282 932 595 636 446 60 463 152 259 526 240 96 50 750 360 986 598 869 683 897 310 845 637 456 179 979 684 469 330 542 326 964 708 944 429 672
476 651 506 777 601 437 977 171 581 839 988 772 109 570 402 280 457 923 857 8 926 833 201 608 675 164 963 200 281 904 98 22 351 122 121 953 124 627 102 177 422 611 253 421 19 864 39 589 398 206 317 506 756 969 575 442 55 161 338 704 826 69 866 388 615 340 300 431 606 263 535 850 630 91 435 127 945 326 131 175 123 608 703 773 315 492 846 972 125 222 506 357 519 567 236 75 243 495 961 875 100 100
922 741 453 229 631 207 296 391 869 453 294 129 830 170 851 908 217 365 28 279 594 291 557 192 397 328 524 21 35 186 468 2 820 726 156 515 838 168 250 212 884 933 498 416 67 491 227 727 529 332 579 947 14 838 386 493 40 38 933 395 665 518 540 997 580 813 422 216 113 614 595 386 100 204 939 719 301 444 909 316 523 723 354 226 242 58 907 957 775 575 872 622 649 894 938 645 235 631 315 635
575 770 853 7 189 280 369 743 540 428 281 802 400 291 215 788 829 255 96 473 595 458 739 925 738 713 422 252 456 126 963 509 441 787 527 524 926 188 604 1 585 308 15 971 304 634 92 968 584 430 216 353 131 983 304 498 245 535 736 544 788 249 863 310 878 209 33 809 32 261 524 667 956 107 695 725 714 131 48 680 106 206 445 957 656 295 630 339 969 616 609 834 718 800 341 318 383 349 75 14 100 100
1 2 3 4 5 6 7 8 9 10 11 12 13 14 15 16 17 18 19 20 21 22 23 24 25 26 27 28 29 30 31 32 33 34 35 36 37 38 39 40 41 42 43 44 45 46 47 48 49 50 51 52 53 54 55 56 57 58 59 60 61 62 63 64 65 66 67 68 69 70 71 72 73 74 75 76 77 78 79 80 81 82 83 84 85 86 87 88 89 90 91 92 93 94 95 96 97 98 99 100
1 2 3 4 5 6 7 8 9 10 11 12 13 14 15 16 17 18 19 20 21 22 23 24 25 26 27 28 29 30 31 32 33 34 35 36 37 38 39 40 41 42 43 44 45 46 47 48 49 50 51 52 53 54 55 56 57 58 59 60 61 62 63 64 65 66 67 68 69 70 71 72 73 74 75 76 77 78 79 80 81 82 83 84 85 86 87 88 89 90 91 92 93 94 95 96 97 98 99 100 100 100
913 725 500 9 121 553 822 235 139 730 252 743 406 301 82 544 612 346 735 605 447 322 607 660 254 477 476 837 501 715 357 579 84 593 553 198 78 598 694 180 92 503 901 521 707 752 728 733 284 757 927 381 107 792 455 180 898 538 396 844 911 607 216 287 715 725 245 715 796 590 31 45 701 583 494 253 172 800 323 867 437 476 416 216 197 219 437 97 562 687 944 623 585 739 956 90 783 779 726 295
724 143 180 151 53 58 422 346 841 819 234 804 535 449 635 311 6 92 601 153 668 378 711 432 555 511 33 115 401 217 404 906 991 227 426 433 372 751 174 601 435 2 702 943 802 586 735 329 36 859 172 174 706 339 778 150 765 211 774 498 975 167 480 373 243 928 164 603 178 224 726 280 888 196 910 229 830 305 428 94 777 784 246 760 530 732 248 889 912 247 915 992 283 567 177 751 42 990 960 685

